335 p 80 289
211 g 167 373
199 t 43 470
179 u 451 122
305 m 242 117
90 z 148 386
54 z 487 337
350 k 348 141
46 x 89 118
89 l 73 61
183 f 294 451
396 r 474 386
208 n 267 362
335 i 202 232
10 u 152 256
485 b 6 129
466 b 23 430
5 i 48 467
373 n 197 38
468 x 263 412
178 y 459 76
126 i 451 500
37 k 308 292
215 l 500 29
201 k 174 348
370 w 128 297
246 u 462 144
52 y 21 366
182 s 33 415
292 t 270 212
417 k 236 425
318 w 334 294
145 l 4 32
86 g 135 293
322 z 222 438
40 z 483 146
288 w 107 40
300 u 498 122
111 q 50 191
363 x 128 435
125 l 263 90
80 y 455 287
348 f 22 240
212 u 55 62
174 h 472 123
124 m 119 317
375 c 218 309
497 s 232 420
448 l 241 485
168 z 301 262
114 s 345 387
56 n 32 437
138 t 350 402
34 v 346 178
338 f 293 90
206 z 207 331
114 x 65 36
19 w 446 243
389 z 329 183
481 w 314 183
212 v 103 356
283 i 193 198
446 f 89 176
180 y 333 231
413 x 16 387
24 a 210 192
370 w 114 38
111 f 154 104
317 z 12 416
500 k 485 414
213 y 246 119
450 m 21 483
351 z 194 84
202 s 10 443
187 u 208 128
301 k 381 283
333 k 260 32
312 v 158 304
221 n 244 427
174 t 326 100
149 v 31 97
277 w 417 159
337 i 388 484
239 r 227 376
351 s 11 81
223 k 276 145
492 e 54 390
421 f 181 407
143 j 127 433
222 a 384 443
18 x 225 431
148 a 101 261
446 e 371 211
432 n 269 490
397 h 394 22
260 t 27 175
21 n 279 126
41 y 361 195
65 l 454 162
109 y 326 263
